68 299 
603 735
33 880
682 62
211 17
941 631
0 703
726 358
189 371
814 859
345 756
656 55
55 75
797 687
18 641
861 80
424 219
695 612
457 644
996 348
140 229
953 773
499 713
643 366
187 24
947 845
119 634
626 368
201 3
905 867
282 838
917 201
400 134
714 638
277 876
733 313
7 192
754 880
348 786
817 61
1 57
604 935
98 857
763 239
362 35
867 670
318 791
783 368
48 2
655 825
116 773
688 128
40 2
909 635
4 877
639 187
361 136
691 756
336 705
836 76
139 212
668 982
201 927
946 351
28 304
934 708
285 921
601 178
132 393
616 750
475 992
920 130
370 87
989 806
199 645
887 254
383 205
909 714
345 787
757 58
353 128
999 834
203 908
939 38
228 263
641 835
85 972
986 261
359 202
974 719
36 718
996 336
220 223
884 664
332 899
651 388
172 372
668 779
73 821
849 17
336 279
649 785
168 636
728 229
37 218
852 761
256 790
857 113
105 208
732 915
384 745
930 248
135 158
884 654
72 776
657 344
69 384
829 979
215 753
745 44
61 257
907 710
209 690
638 186
311 304
694 676
155 726
738 219
131 265
953 745
397 633
879 311
328 299
943 939
267 635
946 377
40 368
797 767
84 855
632 212
333 177
655 967
480 716
643 59
40 170
876 906
341 799
964 303
351 52
899 903
19 819
737 289
23 354
923 746
34 680
983 350
357 130
728 902
20 613
884 201
303 22
866 988
171 843
700 100
34 336
811 611
204 807
811 312
107 367
664 862
413 623
685 269
125 343
650 668
257 660
827 277
178 193
805 957
390 775
714 257
391 186
915 782
53 910
867 42
460 211
667 864
27 822
988 268
228 318
747 828
272 888
993 20
440 297
824 668
24 850
825 77
72 132
713 885
376 723
677 235
35 6
728 843
111 902
820 392
321 138
724 925
452 980
717 388
246 313
918 807
15 658
824 93
210 394
703 947
410 759
965 374
329 223
611 719
451 893
846 349
315 64
788 870
187 754
919 159
77 81
724 858
471 632
790 314
362 44
654 798
105 964
784 99
1 273
705 815
424 609
744 362
355 377
831 925
21 953
965 378
79 95
901 928
400 907
658 151
213 338
796 693
35 656
759 197
347 69
750 958
337 966
910 318
130 343
607 732
412 813
605 225
248 265
731 758
87 647
697 399
84 236
951 628
107 667
1000 18
25 370
795 969
329 887
721 88
280 205
990 869
46 702
604 395
127 148
619 843
20 656
729 45
118 91
776 799
227 864
954 314
