17 25 27
93 56 183
44 97 91
55 8 137
32 19 7
66 87 162
37 86 91
58 28 102
5 48 39
86 94 200
26 75 85
67 26 113
40 27 39
67 96 195
13 74 50
64 23 123
29 2 43
61 59 186
13 96 81
58 21 149
46 7 5
98 55 163
32 52 50
92 33 103
26 6 22
86 76 174
33 72 92
93 16 118
25 21 41
55 68 199
34 79 56
84 12 112
34 1 6
92 69 170
8 90 99
92 4 126
45 41 14
98 58 172
48 69 93
76 39 145
1 48 27
90 71 177
21 98 63
76 9 120
24 28 11
64 92 184
18 72 100
62 5 111
22 16 21
93 98 192
16 98 63
70 19 149
17 44 47
81 87 188
2 62 96
65 6 127
43 27 40
64 65 160
10 61 61
84 36 115
25 31 7
94 94 190
35 94 62
82 24 146
3 29 43
70 51 168
28 85 100
61 8 101
49 17 23
89 95 161
6 73 93
74 16 129
21 22 17
88 76 186
15 80 50
77 34 100
35 13 11
60 79 193
26 89 77
59 25 119
0 25 32
74 58 196
24 77 97
51 41 103
3 46 27
85 100 188
30 88 84
57 24 112
25 2 0
96 74 187
28 100 96
88 0 119
3 46 8
55 61 176
33 63 54
98 45 111
46 12 19
99 80 180
16 97 63
68 49 138
40 49 47
67 81 186
47 55 87
78 29 128
2 6 31
57 68 160
11 81 74
70 50 145
6 34 48
75 92 162
36 78 89
59 45 121
26 39 0
85 99 179
34 99 63
64 28 130
23 13 46
61 72 187
38 70 57
95 6 111